  0.0000e+00   1.0000e+00   1.0000e+00   1.0000e+00   1.0000e+00   1.0000e+00   1.0000e+00
  4.0000e-03  -1.8000e+00  -1.8000e+00   2.6316e-01   2.1200e+00   1.0224e+00   6.0810e-02
  8.0000e-03   3.2400e+00   3.2400e+00   6.9252e-02   4.4944e+00   1.0453e+00   3.6979e-03
  1.2000e-02  -5.8320e+00  -5.8320e+00   1.8224e-02   9.5281e+00   1.0687e+00   2.2487e-04
  1.6000e-02   1.0498e+01   1.0498e+01   4.7959e-03   2.0200e+01   1.0927e+00   1.3674e-05
  2.0000e-02  -1.8896e+01  -1.8896e+01   1.2621e-03   4.2823e+01   1.1171e+00   8.3153e-07
  2.4000e-02   3.4012e+01   3.4012e+01   3.3212e-04   9.0785e+01   1.1422e+00   5.0565e-08
  2.8000e-02  -6.1222e+01  -6.1222e+01   8.7401e-05   1.9246e+02   1.1677e+00   3.0749e-09
  3.2000e-02   1.1020e+02   1.1020e+02   2.3000e-05   4.0803e+02   1.1939e+00   1.8698e-10
  3.6000e-02  -1.9836e+02  -1.9836e+02   6.0527e-06   8.6501e+02   1.2206e+00   1.1370e-11
  4.0000e-02   3.5705e+02   3.5705e+02   1.5928e-06   1.8338e+03   1.2480e+00   6.9144e-13
  4.4000e-02  -6.4268e+02  -6.4268e+02   4.1916e-07   3.8877e+03   1.2759e+00   4.2047e-14
  4.8000e-02   1.1568e+03   1.1568e+03   1.1031e-07   8.2420e+03   1.3045e+00   2.5569e-15
  5.2000e-02  -2.0823e+03  -2.0823e+03   2.9028e-08   1.7473e+04   1.3337e+00   1.5548e-16
  5.6000e-02   3.7481e+03   3.7481e+03   7.6389e-09   3.7043e+04   1.3636e+00   9.4549e-18
  6.0000e-02  -6.7466e+03  -6.7466e+03   2.0102e-09   7.8530e+04   1.3942e+00   5.7495e-19
  6.4000e-02   1.2144e+04   1.2144e+04   5.2901e-10   1.6648e+05   1.4254e+00   3.4963e-20
  6.8000e-02  -2.1859e+04  -2.1859e+04   1.3921e-10   3.5295e+05   1.4573e+00   2.1261e-21
  7.2000e-02   3.9346e+04   3.9346e+04   3.6635e-11   7.4825e+05   1.4900e+00   1.2929e-22
  7.6000e-02  -7.0824e+04  -7.0824e+04   9.6408e-12   1.5863e+06   1.5233e+00   7.8620e-24
  8.0000e-02   1.2748e+05   1.2748e+05   2.5370e-12   3.3629e+06   1.5575e+00   4.7809e-25
  8.4000e-02  -2.2947e+05  -2.2947e+05   6.6764e-13   7.1294e+06   1.5923e+00   2.9073e-26
  8.8000e-02   4.1304e+05   4.1304e+05   1.7570e-13   1.5114e+07   1.6280e+00   1.7679e-27
  9.2000e-02  -7.4348e+05  -7.4348e+05   4.6236e-14   3.2042e+07   1.6645e+00   1.0751e-28
  9.6000e-02   1.3383e+06   1.3383e+06   1.2167e-14   6.7930e+07   1.7018e+00   6.5375e-30
  1.0000e-01  -2.4089e+06  -2.4089e+06   3.2019e-15   1.4401e+08   1.7399e+00   3.9754e-31
  1.0400e-01   4.3360e+06   4.3360e+06   8.4261e-16   3.0530e+08   1.7789e+00   2.4175e-32
  1.0800e-01  -7.8047e+06  -7.8047e+06   2.2174e-16   6.4724e+08   1.8187e+00   1.4701e-33
  1.1200e-01   1.4049e+07   1.4049e+07   5.8352e-17   1.3722e+09   1.8594e+00   8.9395e-35
  1.1600e-01  -2.5287e+07  -2.5287e+07   1.5356e-17   2.9090e+09   1.9011e+00   5.4361e-36
  1.2000e-01   4.5517e+07   4.5517e+07   4.0410e-18   6.1670e+09   1.9437e+00   3.3057e-37
  1.2400e-01  -8.1931e+07  -8.1931e+07   1.0634e-18   1.3074e+10   1.9872e+00   2.0102e-38
  1.2800e-01   1.4748e+08   1.4748e+08   2.7985e-19   2.7717e+10   2.0317e+00   1.2224e-39
  1.3200e-01  -2.6546e+08  -2.6546e+08   7.3645e-20   5.8760e+10   2.0772e+00   7.4334e-41
  1.3600e-01   4.7782e+08   4.7782e+08   1.9380e-20   1.2457e+11   2.1238e+00   4.5203e-42
  1.4000e-01  -8.6008e+08  -8.6008e+08   5.1000e-21   2.6409e+11   2.1713e+00   2.7488e-43
  1.4400e-01   1.5481e+09   1.5481e+09   1.3421e-21   5.5987e+11   2.2200e+00   1.6715e-44
  1.4800e-01  -2.7867e+09  -2.7867e+09   3.5319e-22   1.1869e+12   2.2697e+00   1.0165e-45
  1.5200e-01   5.0160e+09   5.0160e+09   9.2944e-23   2.5163e+12   2.3206e+00   6.1811e-47
  1.5600e-01  -9.0288e+09  -9.0288e+09   2.4459e-23   5.3346e+12   2.3725e+00   3.7587e-48
  1.6000e-01   1.6252e+10   1.6252e+10   6.4366e-24   1.1309e+13   2.4257e+00   2.2857e-49
  1.6400e-01  -2.9253e+10  -2.9253e+10   1.6938e-24   2.3976e+13   2.4800e+00   1.3899e-50
  1.6800e-01   5.2656e+10   5.2656e+10   4.4575e-25   5.0828e+13   2.5356e+00   8.4522e-52
  1.7200e-01  -9.4780e+10  -9.4780e+10   1.1730e-25   1.0776e+14   2.5924e+00   5.1398e-53
  1.7600e-01   1.7060e+11   1.7060e+11   3.0869e-26   2.2844e+14   2.6504e+00   3.1255e-54
  1.8000e-01  -3.0709e+11  -3.0709e+11   8.1234e-27   4.8430e+14   2.7098e+00   1.9006e-55
  1.8400e-01   5.5276e+11   5.5276e+11   2.1377e-27   1.0267e+15   2.7705e+00   1.1558e-56
  1.8800e-01  -9.9496e+11  -9.9496e+11   5.6256e-28   2.1766e+15   2.8326e+00   7.0282e-58
  1.9200e-01   1.7909e+12   1.7909e+12   1.4804e-28   4.6145e+15   2.8960e+00   4.2739e-59
  1.9600e-01  -3.2237e+12  -3.2237e+12   3.8959e-29   9.7827e+15   2.9609e+00   2.5989e-60
  2.0000e-01   5.8026e+12   5.8026e+12   1.0252e-29   2.0739e+16   3.0272e+00   1.5804e-61
  2.0400e-01  -1.0445e+13  -1.0445e+13   2.6980e-30   4.3967e+16   3.0950e+00   9.6105e-63
  2.0800e-01   1.8801e+13   1.8801e+13   7.0999e-31   9.3210e+16   3.1643e+00   5.8442e-64
  2.1200e-01  -3.3841e+13  -3.3841e+13   1.8684e-31   1.9761e+17   3.2352e+00   3.5538e-65
  2.1600e-01   6.0914e+13   6.0914e+13   4.9168e-32   4.1893e+17   3.3077e+00   2.1611e-66
  2.2000e-01  -1.0964e+14  -1.0964e+14   1.2939e-32   8.8812e+17   3.3818e+00   1.3142e-67
  2.2400e-01   1.9736e+14   1.9736e+14   3.4050e-33   1.8828e+18   3.4575e+00   7.9914e-69
  2.2800e-01  -3.5525e+14  -3.5525e+14   8.9606e-34   3.9916e+18   3.5350e+00   4.8596e-70
  2.3200e-01   6.3945e+14   6.3945e+14   2.3580e-34   8.4621e+18   3.6142e+00   2.9551e-71
  2.3600e-01  -1.1510e+15  -1.1510e+15   6.2054e-35   1.7940e+19   3.6951e+00   1.7970e-72
  2.4000e-01   2.0718e+15   2.0718e+15   1.6330e-35   3.8032e+19   3.7779e+00   1.0928e-73
  2.4400e-01  -3.7293e+15  -3.7293e+15   4.2973e-36   8.0628e+19   3.8625e+00   6.6451e-75
  2.4800e-01   6.7127e+15   6.7127e+15   1.1309e-36   1.7093e+20   3.9490e+00   4.0409e-76
  2.5200e-01  -1.2083e+16  -1.2083e+16   2.9760e-37   3.6238e+20   4.0375e+00   2.4573e-77
  2.5600e-01   2.1749e+16   2.1749e+16   7.8316e-38   7.6824e+20   4.1279e+00   1.4943e-78
  2.6000e-01  -3.9148e+16  -3.9148e+16   2.0609e-38   1.6287e+21   4.2204e+00   9.0867e-80
  2.6400e-01   7.0467e+16   7.0467e+16   5.4235e-39   3.4528e+21   4.3149e+00   5.5256e-81
  2.6800e-01  -1.2684e+17  -1.2684e+17   1.4272e-39   7.3199e+21   4.4116e+00   3.3601e-82
  2.7200e-01   2.2831e+17   2.2831e+17   3.7559e-40   1.5518e+22   4.5104e+00   2.0433e-83
  2.7600e-01  -4.1096e+17  -4.1096e+17   9.8840e-41   3.2898e+22   4.6115e+00   1.2425e-84
  2.8000e-01   7.3973e+17   7.3973e+17   2.6010e-41   6.9745e+22   4.7148e+00   7.5558e-86
  2.8400e-01  -1.3315e+18  -1.3315e+18   6.8449e-42   1.4786e+23   4.8204e+00   4.5947e-87
  2.8800e-01   2.3967e+18   2.3967e+18   1.8013e-42   3.1346e+23   4.9283e+00   2.7940e-88
  2.9200e-01  -4.3141e+18  -4.3141e+18   4.7402e-43   6.6453e+23   5.0387e+00   1.6991e-89
  2.9600e-01   7.7654e+18   7.7654e+18   1.2474e-43   1.4088e+24   5.1516e+00   1.0332e-90
  3.0000e-01  -1.3978e+19  -1.3978e+19   3.2827e-44   2.9867e+24   5.2670e+00   6.2829e-92
  3.0400e-01   2.5160e+19   2.5160e+19   8.6387e-45   6.3318e+24   5.3850e+00   3.8206e-93
  3.0800e-01  -4.5288e+19  -4.5288e+19   2.2733e-45   1.3423e+25   5.5056e+00   2.3233e-94
  3.1200e-01   8.1518e+19   8.1518e+19   5.9825e-46   2.8458e+25   5.6289e+00   1.4128e-95
  3.1600e-01  -1.4673e+20  -1.4673e+20   1.5743e-46   6.0330e+25   5.7550e+00   8.5913e-97
  3.2000e-01   2.6412e+20   2.6412e+20   4.1430e-47   1.2790e+26   5.8839e+00   5.2244e-98
  3.2400e-01  -4.7542e+20  -4.7542e+20   1.0903e-47   2.7115e+26   6.0157e+00   3.1770e-99
  3.2800e-01   8.5575e+20   8.5575e+20   2.8691e-48   5.7483e+26   6.1505e+00  1.9319e-100
  3.3200e-01  -1.5403e+21  -1.5403e+21   7.5503e-49   1.2186e+27   6.2882e+00  1.1748e-101
  3.3600e-01   2.7726e+21   2.7726e+21   1.9869e-49   2.5835e+27   6.4291e+00  7.1439e-103
  3.4000e-01  -4.9907e+21  -4.9907e+21   5.2287e-50   5.4771e+27   6.5731e+00  4.3442e-104
  3.4400e-01   8.9833e+21   8.9833e+21   1.3760e-50   1.1611e+28   6.7204e+00  2.6417e-105
  3.4800e-01  -1.6170e+22  -1.6170e+22   3.6210e-51   2.4616e+28   6.8709e+00  1.6064e-106
  3.5200e-01   2.9106e+22   2.9106e+22   9.5289e-52   5.2186e+28   7.0248e+00  9.7688e-108
  3.5600e-01  -5.2391e+22  -5.2391e+22   2.5076e-52   1.1063e+29   7.1822e+00  5.9404e-109
  3.6000e-01   9.4303e+22   9.4303e+22   6.5990e-53   2.3455e+29   7.3430e+00  3.6124e-110
  3.6400e-01  -1.6975e+23  -1.6975e+23   1.7366e-53   4.9724e+29   7.5075e+00  2.1967e-111
  3.6800e-01   3.0554e+23   3.0554e+23   4.5699e-54   1.0541e+30   7.6757e+00  1.3358e-112
  3.7200e-01  -5.4998e+23  -5.4998e+23   1.2026e-54   2.2348e+30   7.8476e+00  8.1230e-114
  3.7600e-01   9.8996e+23   9.8996e+23   3.1648e-55   4.7377e+30   8.0234e+00  4.9396e-115
  3.8000e-01  -1.7819e+24  -1.7819e+24   8.3283e-56   1.0044e+31   8.2031e+00  3.0038e-116
  3.8400e-01   3.2075e+24   3.2075e+24   2.1917e-56   2.1293e+31   8.3869e+00  1.8266e-117
  3.8800e-01  -5.7734e+24  -5.7734e+24   5.7675e-57   4.5142e+31   8.5748e+00  1.1108e-118
  3.9200e-01   1.0392e+25   1.0392e+25   1.5178e-57   9.5701e+31   8.7668e+00  6.7545e-120
  3.9600e-01  -1.8706e+25  -1.8706e+25   3.9941e-58   2.0289e+32   8.9632e+00  4.1074e-121
  4.0000e-01   3.3671e+25   3.3671e+25   1.0511e-58   4.3012e+32   9.1640e+00  2.4977e-122
  4.0400e-01  -6.0607e+25  -6.0607e+25   2.7660e-59   9.1185e+32   9.3693e+00  1.5189e-123
  4.0800e-01   1.0909e+26   1.0909e+26   7.2790e-60   1.9331e+33   9.5791e+00  9.2363e-125
  4.1200e-01  -1.9637e+26  -1.9637e+26   1.9155e-60   4.0982e+33   9.7937e+00  5.6166e-126
  4.1600e-01   3.5346e+26   3.5346e+26   5.0409e-61   8.6882e+33   1.0013e+01  3.4154e-127
  4.2000e-01  -6.3623e+26  -6.3623e+26   1.3265e-61   1.8419e+34   1.0237e+01  2.0769e-128
  4.2400e-01   1.1452e+27   1.1452e+27   3.4909e-62   3.9048e+34   1.0467e+01  1.2630e-129
  4.2800e-01  -2.0614e+27  -2.0614e+27   9.1866e-63   8.2782e+34   1.0701e+01  7.6802e-131
  4.3200e-01   3.7105e+27   3.7105e+27   2.4175e-63   1.7550e+35   1.0941e+01  4.6703e-132
  4.3600e-01  -6.6789e+27  -6.6789e+27   6.3619e-64   3.7206e+35   1.1186e+01  2.8400e-133
  4.4000e-01   1.2022e+28   1.2022e+28   1.6742e-64   7.8876e+35   1.1436e+01  1.7270e-134
  4.4400e-01  -2.1640e+28  -2.1640e+28   4.4058e-65   1.6722e+36   1.1693e+01  1.0502e-135
  4.4800e-01   3.8951e+28   3.8951e+28   1.1594e-65   3.5450e+36   1.1955e+01  6.3863e-137
  4.5200e-01  -7.0112e+28  -7.0112e+28   3.0511e-66   7.5154e+36   1.2222e+01  3.8835e-138
  4.5600e-01   1.2620e+29   1.2620e+29   8.0292e-67   1.5933e+37   1.2496e+01  2.3616e-139
  4.6000e-01  -2.2716e+29  -2.2716e+29   2.1129e-67   3.3777e+37   1.2776e+01  1.4361e-140
  4.6400e-01   4.0889e+29   4.0889e+29   5.5604e-68   7.1608e+37   1.3062e+01  8.7328e-142
  4.6800e-01  -7.3601e+29  -7.3601e+29   1.4633e-68   1.5181e+38   1.3355e+01  5.3104e-143
  4.7200e-01   1.3248e+30   1.3248e+30   3.8507e-69   3.2183e+38   1.3654e+01  3.2293e-144
  4.7600e-01  -2.3847e+30  -2.3847e+30   1.0133e-69   6.8229e+38   1.3960e+01  1.9637e-145
  4.8000e-01   4.2924e+30   4.2924e+30   2.6667e-70   1.4464e+39   1.4273e+01  1.1941e-146
  4.8400e-01  -7.7263e+30  -7.7263e+30   7.0175e-71   3.0665e+39   1.4592e+01  7.2616e-148
  4.8800e-01   1.3907e+31   1.3907e+31   1.8467e-71   6.5009e+39   1.4919e+01  4.4158e-149
  4.9200e-01  -2.5033e+31  -2.5033e+31   4.8598e-72   1.3782e+40   1.5253e+01  2.6852e-150
  4.9600e-01   4.5060e+31   4.5060e+31   1.2789e-72   2.9218e+40   1.5595e+01  1.6329e-151
  5.0000e-01  -8.1108e+31  -8.1108e+31   3.3655e-73   6.1942e+40   1.5944e+01  9.9296e-153
  5.0400e-01   1.4599e+32   1.4599e+32   8.8566e-74   1.3132e+41   1.6301e+01  6.0382e-154
  5.0800e-01  -2.6279e+32  -2.6279e+32   2.3307e-74   2.7839e+41   1.6667e+01  3.6718e-155
  5.1200e-01   4.7302e+32   4.7302e+32   6.1334e-75   5.9019e+41   1.7040e+01  2.2328e-156
  5.1600e-01  -8.5144e+32  -8.5144e+32   1.6140e-75   1.2512e+42   1.7422e+01  1.3578e-157
  5.2000e-01   1.5326e+33   1.5326e+33   4.2475e-76   2.6525e+42   1.7812e+01  8.2567e-159
  5.2400e-01  -2.7587e+33  -2.7587e+33   1.1178e-76   5.6234e+42   1.8211e+01  5.0209e-160
  5.2800e-01   4.9656e+33   4.9656e+33   2.9415e-77   1.1922e+43   1.8619e+01  3.0532e-161
  5.3200e-01  -8.9381e+33  -8.9381e+33   7.7407e-78   2.5274e+43   1.9036e+01  1.8567e-162
  5.3600e-01   1.6089e+34   1.6089e+34   2.0370e-78   5.3580e+43   1.9462e+01  1.1290e-163
  5.4000e-01  -2.8959e+34  -2.8959e+34   5.3606e-79   1.1359e+44   1.9898e+01  6.8657e-165
  5.4400e-01   5.2127e+34   5.2127e+34   1.4107e-79   2.4081e+44   2.0344e+01  4.1750e-166
  5.4800e-01  -9.3828e+34  -9.3828e+34   3.7123e-80   5.1052e+44   2.0800e+01  2.5388e-167
  5.5200e-01   1.6889e+35   1.6889e+35   9.7693e-81   1.0823e+45   2.1266e+01  1.5439e-168
  5.5600e-01  -3.0400e+35  -3.0400e+35   2.5709e-81   2.2945e+45   2.1742e+01  9.3883e-170
  5.6000e-01   5.4721e+35   5.4721e+35   6.7654e-82   4.8643e+45   2.2229e+01  5.7090e-171
  5.6400e-01  -9.8497e+35  -9.8497e+35   1.7804e-82   1.0312e+46   2.2727e+01  3.4717e-172
  5.6800e-01   1.7729e+36   1.7729e+36   4.6852e-83   2.1862e+46   2.3236e+01  2.1111e-173
  5.7200e-01  -3.1913e+36  -3.1913e+36   1.2330e-83   4.6348e+46   2.3756e+01  1.2838e-174
  5.7600e-01   5.7443e+36   5.7443e+36   3.2446e-84   9.8257e+46   2.4289e+01  7.8067e-176
  5.8000e-01  -1.0340e+37  -1.0340e+37   8.5384e-85   2.0831e+47   2.4833e+01  4.7472e-177
  5.8400e-01   1.8612e+37   1.8612e+37   2.2470e-85   4.4161e+47   2.5389e+01  2.8868e-178
  5.8800e-01  -3.3501e+37  -3.3501e+37   5.9130e-86   9.3621e+47   2.5958e+01  1.7555e-179
  5.9200e-01   6.0302e+37   6.0302e+37   1.5561e-86   1.9848e+48   2.6539e+01  1.0675e-180
  5.9600e-01  -1.0854e+38  -1.0854e+38   4.0949e-87   4.2077e+48   2.7133e+01  6.4915e-182
  6.0000e-01   1.9538e+38   1.9538e+38   1.0776e-87   8.9203e+48   2.7741e+01  3.9475e-183
  6.0400e-01  -3.5168e+38  -3.5168e+38   2.8358e-88   1.8911e+49   2.8363e+01  2.4005e-184
  6.0800e-01   6.3302e+38   6.3302e+38   7.4627e-89   4.0091e+49   2.8998e+01  1.4597e-185
  6.1200e-01  -1.1394e+39  -1.1394e+39   1.9639e-89   8.4994e+49   2.9648e+01  8.8765e-187
  6.1600e-01   2.0510e+39   2.0510e+39   5.1680e-90   1.8019e+50   3.0312e+01  5.3978e-188
  6.2000e-01  -3.6918e+39  -3.6918e+39   1.3600e-90   3.8200e+50   3.0991e+01  3.2824e-189
  6.2400e-01   6.6452e+39   6.6452e+39   3.5790e-91   8.0983e+50   3.1685e+01  1.9960e-190
  6.2800e-01  -1.1961e+40  -1.1961e+40   9.4184e-92   1.7168e+51   3.2395e+01  1.2138e-191
  6.3200e-01   2.1531e+40   2.1531e+40   2.4785e-92   3.6397e+51   3.3120e+01  7.3811e-193
  6.3600e-01  -3.8755e+40  -3.8755e+40   6.5224e-93   7.7162e+51   3.3862e+01  4.4885e-194
  6.4000e-01   6.9759e+40   6.9759e+40   1.7164e-93   1.6358e+52   3.4621e+01  2.7294e-195
  6.4400e-01  -1.2557e+41  -1.2557e+41   4.5169e-94   3.4680e+52   3.5396e+01  1.6598e-196
  6.4800e-01   2.2602e+41   2.2602e+41   1.1887e-94   7.3521e+52   3.6189e+01  1.0093e-197
  6.5200e-01  -4.0684e+41  -4.0684e+41   3.1281e-95   1.5586e+53   3.7000e+01  6.1376e-199
  6.5600e-01   7.3230e+41   7.3230e+41   8.2317e-96   3.3043e+53   3.7828e+01  3.7323e-200
  6.6000e-01  -1.3181e+42  -1.3181e+42   2.1662e-96   7.0051e+53   3.8676e+01  2.2696e-201
  6.6400e-01   2.3727e+42   2.3727e+42   5.7006e-97   1.4851e+54   3.9542e+01  1.3801e-202
  6.6800e-01  -4.2708e+42  -4.2708e+42   1.5002e-97   3.1484e+54   4.0428e+01  8.3927e-204
  6.7200e-01   7.6874e+42   7.6874e+42   3.9478e-98   6.6746e+54   4.1333e+01  5.1036e-205
  6.7600e-01  -1.3837e+43  -1.3837e+43   1.0389e-98   1.4150e+55   4.2259e+01  3.1035e-206
  6.8000e-01   2.4907e+43   2.4907e+43   2.7339e-99   2.9998e+55   4.3206e+01  1.8872e-207
  6.8400e-01  -4.4833e+43  -4.4833e+43  7.1946e-100   6.3596e+55   4.4174e+01  1.1476e-208
  6.8800e-01   8.0700e+43   8.0700e+43  1.8933e-100   1.3482e+56   4.5163e+01  6.9787e-210
  6.9200e-01  -1.4526e+44  -1.4526e+44  4.9824e-101   2.8583e+56   4.6175e+01  4.2438e-211
  6.9600e-01   2.6147e+44   2.6147e+44  1.3112e-101   6.0595e+56   4.7209e+01  2.5806e-212
  7.0000e-01  -4.7064e+44  -4.7064e+44  3.4504e-102   1.2846e+57   4.8267e+01  1.5693e-213
  7.0400e-01   8.4715e+44   8.4715e+44  9.0800e-103   2.7234e+57   4.9348e+01  9.5429e-215
  7.0800e-01  -1.5249e+45  -1.5249e+45  2.3895e-103   5.7736e+57   5.0453e+01  5.8030e-216
  7.1200e-01   2.7448e+45   2.7448e+45  6.2881e-104   1.2240e+58   5.1583e+01  3.5288e-217
  7.1600e-01  -4.9406e+45  -4.9406e+45  1.6548e-104   2.5949e+58   5.2739e+01  2.1459e-218
  7.2000e-01   8.8931e+45   8.8931e+45  4.3546e-105   5.5012e+58   5.3920e+01  1.3049e-219
  7.2400e-01  -1.6007e+46  -1.6007e+46  1.1460e-105   1.1662e+59   5.5128e+01  7.9352e-221
  7.2800e-01   2.8813e+46   2.8813e+46  3.0157e-106   2.4724e+59   5.6363e+01  4.8254e-222
  7.3200e-01  -5.1864e+46  -5.1864e+46  7.9360e-107   5.2416e+59   5.7625e+01  2.9343e-223
  7.3600e-01   9.3356e+46   9.3356e+46  2.0884e-107   1.1112e+60   5.8916e+01  1.7844e-224
  7.4000e-01  -1.6804e+47  -1.6804e+47  5.4958e-108   2.3558e+60   6.0236e+01  1.0851e-225
  7.4400e-01   3.0247e+47   3.0247e+47  1.4463e-108   4.9942e+60   6.1585e+01  6.5983e-227
  7.4800e-01  -5.4445e+47  -5.4445e+47  3.8060e-109   1.0588e+61   6.2965e+01  4.0124e-228
  7.5200e-01   9.8001e+47   9.8001e+47  1.0016e-109   2.2446e+61   6.4375e+01  2.4400e-229
  7.5600e-01  -1.7640e+48  -1.7640e+48  2.6357e-110   4.7586e+61   6.5817e+01  1.4837e-230
  7.6000e-01   3.1752e+48   3.1752e+48  6.9361e-111   1.0088e+62   6.7291e+01  9.0227e-232
  7.6400e-01  -5.7154e+48  -5.7154e+48  1.8253e-111   2.1387e+62   6.8799e+01  5.4867e-233
  7.6800e-01   1.0288e+49   1.0288e+49  4.8034e-112   4.5340e+62   7.0340e+01  3.3365e-234
  7.7200e-01  -1.8518e+49  -1.8518e+49  1.2641e-112   9.6122e+62   7.1915e+01  2.0289e-235
  7.7600e-01   3.3332e+49   3.3332e+49  3.3265e-113   2.0378e+63   7.3526e+01  1.2338e-236
  7.8000e-01  -5.9998e+49  -5.9998e+49  8.7538e-114   4.3201e+63   7.5173e+01  7.5026e-238
  7.8400e-01   1.0800e+50   1.0800e+50  2.3036e-114   9.1586e+63   7.6857e+01  4.5623e-239
  7.8800e-01  -1.9439e+50  -1.9439e+50  6.0622e-115   1.9416e+64   7.8579e+01  2.7744e-240
  7.9200e-01   3.4991e+50   3.4991e+50  1.5953e-115   4.1162e+64   8.0339e+01  1.6871e-241
  7.9600e-01  -6.2984e+50  -6.2984e+50  4.1982e-116   8.7264e+64   8.2139e+01  1.0259e-242
  8.0000e-01   1.1337e+51   1.1337e+51  1.1048e-116   1.8500e+65   8.3979e+01  6.2386e-244
  8.0400e-01  -2.0407e+51  -2.0407e+51  2.9073e-117   3.9220e+65   8.5860e+01  3.7937e-245
  8.0800e-01   3.6732e+51   3.6732e+51  7.6509e-118   8.3146e+65   8.7783e+01  2.3070e-246
  8.1200e-01  -6.6118e+51  -6.6118e+51  2.0134e-118   1.7627e+66   8.9749e+01  1.4029e-247
  8.1600e-01   1.1901e+52   1.1901e+52  5.2984e-119   3.7369e+66   9.1760e+01  8.5308e-249
  8.2000e-01  -2.1422e+52  -2.1422e+52  1.3943e-119   7.9223e+66   9.3815e+01  5.1876e-250
  8.2400e-01   3.8560e+52   3.8560e+52  3.6693e-120   1.6795e+67   9.5916e+01  3.1546e-251
  8.2800e-01  -6.9408e+52  -6.9408e+52  9.6560e-121   3.5606e+67   9.8065e+01  1.9183e-252
  8.3200e-01   1.2493e+53   1.2493e+53  2.5410e-121   7.5485e+67   1.0026e+02  1.1665e-253
  8.3600e-01  -2.2488e+53  -2.2488e+53  6.6870e-122   1.6003e+68   1.0251e+02  7.0936e-255
  8.4000e-01   4.0479e+53   4.0479e+53  1.7597e-122   3.3926e+68   1.0480e+02  4.3136e-256
  8.4400e-01  -7.2862e+53  -7.2862e+53  4.6309e-123   7.1923e+68   1.0715e+02  2.6231e-257
  8.4800e-01   1.3115e+54   1.3115e+54  1.2186e-123   1.5248e+69   1.0955e+02  1.5951e-258
  8.5200e-01  -2.3607e+54  -2.3607e+54  3.2070e-124   3.2325e+69   1.1201e+02  9.7000e-260
  8.5600e-01   4.2493e+54   4.2493e+54  8.4394e-125   6.8529e+69   1.1451e+02  5.8986e-261
  8.6000e-01  -7.6487e+54  -7.6487e+54  2.2209e-125   1.4528e+70   1.1708e+02  3.5869e-262
  8.6400e-01   1.3768e+55   1.3768e+55  5.8444e-126   3.0800e+70   1.1970e+02  2.1812e-263
  8.6800e-01  -2.4782e+55  -2.4782e+55  1.5380e-126   6.5295e+70   1.2238e+02  1.3264e-264
  8.7200e-01   4.4607e+55   4.4607e+55  4.0474e-127   1.3843e+71   1.2512e+02  8.0658e-266
  8.7600e-01  -8.0293e+55  -8.0293e+55  1.0651e-127   2.9346e+71   1.2793e+02  4.9048e-267
  8.8000e-01   1.4453e+56   1.4453e+56  2.8029e-128   6.2214e+71   1.3079e+02  2.9826e-268
  8.8400e-01  -2.6015e+56  -2.6015e+56  7.3761e-129   1.3189e+72   1.3372e+02  1.8137e-269
  8.8800e-01   4.6827e+56   4.6827e+56  1.9411e-129   2.7962e+72   1.3672e+02  1.1029e-270
  8.9200e-01  -8.4289e+56  -8.4289e+56  5.1081e-130   5.9278e+72   1.3978e+02  6.7070e-272
  8.9600e-01   1.5172e+57   1.5172e+57  1.3442e-130   1.2567e+73   1.4291e+02  4.0785e-273
  9.0000e-01  -2.7309e+57  -2.7309e+57  3.5375e-131   2.6642e+73   1.4611e+02  2.4801e-274
  9.0400e-01   4.9157e+57   4.9157e+57  9.3091e-132   5.6481e+73   1.4939e+02  1.5082e-275
  9.0800e-01  -8.8483e+57  -8.8483e+57  2.4498e-132   1.1974e+74   1.5273e+02  9.1712e-277
  9.1200e-01   1.5927e+58   1.5927e+58  6.4467e-133   2.5385e+74   1.5615e+02  5.5770e-278
  9.1600e-01  -2.8668e+58  -2.8668e+58  1.6965e-133   5.3816e+74   1.5965e+02  3.3914e-279
  9.2000e-01   5.1603e+58   5.1603e+58  4.4645e-134   1.1409e+75   1.6323e+02  2.0623e-280
  9.2400e-01  -9.2886e+58  -9.2886e+58  1.1749e-134   2.4187e+75   1.6688e+02  1.2541e-281
  9.2800e-01   1.6719e+59   1.6719e+59  3.0918e-135   5.1277e+75   1.7062e+02  7.6261e-283
  9.3200e-01  -3.0095e+59  -3.0095e+59  8.1362e-136   1.0871e+76   1.7444e+02  4.6375e-284
  9.3600e-01   5.4171e+59   5.4171e+59  2.1411e-136   2.3046e+76   1.7835e+02  2.8200e-285
  9.4000e-01  -9.7508e+59  -9.7508e+59  5.6345e-137   4.8857e+76   1.8235e+02  1.7149e-286
  9.4400e-01   1.7551e+60   1.7551e+60  1.4828e-137   1.0358e+77   1.8643e+02  1.0428e-287
  9.4800e-01  -3.1592e+60  -3.1592e+60  3.9020e-138   2.1958e+77   1.9061e+02  6.3414e-289
  9.5200e-01   5.6866e+60   5.6866e+60  1.0268e-138   4.6552e+77   1.9488e+02  3.8562e-290
  9.5600e-01  -1.0236e+61  -1.0236e+61  2.7022e-139   9.8689e+77   1.9924e+02  2.3449e-291
  9.6000e-01   1.8425e+61   1.8425e+61  7.1111e-140   2.0922e+78   2.0371e+02  1.4260e-292
  9.6400e-01  -3.3165e+61  -3.3165e+61  1.8713e-140   4.4355e+78   2.0827e+02  8.6713e-294
  9.6800e-01   5.9696e+61   5.9696e+61  4.9246e-141   9.4033e+78   2.1293e+02  5.2730e-295
  9.7200e-01  -1.0745e+62  -1.0745e+62  1.2959e-141   1.9935e+79   2.1770e+02  3.2065e-296
  9.7600e-01   1.9342e+62   1.9342e+62  3.4104e-142   4.2262e+79   2.2258e+02  1.9499e-297
  9.8000e-01  -3.4815e+62  -3.4815e+62  8.9747e-143   8.9595e+79   2.2757e+02  1.1857e-298
  9.8400e-01   6.2667e+62   6.2667e+62  2.3618e-143   1.8994e+80   2.3266e+02  7.2104e-300
  9.8800e-01  -1.1280e+63  -1.1280e+63  6.2152e-144   4.0268e+80   2.3787e+02  4.3847e-301
  9.9200e-01   2.0304e+63   2.0304e+63  1.6356e-144   8.5368e+80   2.4320e+02  2.6663e-302
  9.9600e-01  -3.6547e+63  -3.6547e+63  4.3041e-145   1.8098e+81   2.4865e+02  1.6214e-303
  1.0000e+00   6.5785e+63   6.5785e+63  1.1327e-145   3.8368e+81   2.5422e+02  9.8597e-305
  1.0040e+00  -1.1841e+64  -1.1841e+64  2.9807e-146   8.1339e+81   2.5991e+02  5.9957e-306
  1.0080e+00   2.1314e+64   2.1314e+64  7.8439e-147   1.7244e+82   2.6574e+02  3.6460e-307
  1.0120e+00  -3.8366e+64  -3.8366e+64  2.0642e-147   3.6557e+82   2.7169e+02  2.2171e-308
  1.0160e+00   6.9058e+64   6.9058e+64  5.4321e-148   7.7501e+82   2.7778e+02  1.3482e-309
  1.0200e+00  -1.2431e+65  -1.2431e+65  1.4295e-148   1.6430e+83   2.8400e+02  8.1986e-311
  1.0240e+00   2.2375e+65   2.2375e+65  3.7618e-149   3.4832e+83   2.9036e+02  4.9856e-312
  1.0280e+00  -4.0275e+65  -4.0275e+65  9.8996e-150   7.3844e+83   2.9686e+02  3.0317e-313
  1.0320e+00   7.2495e+65   7.2495e+65  2.6051e-150   1.5655e+84   3.0351e+02  1.8436e-314
  1.0360e+00  -1.3049e+66  -1.3049e+66  6.8556e-151   3.3189e+84   3.1031e+02  1.1211e-315
  1.0400e+00   2.3488e+66   2.3488e+66  1.8041e-151   7.0360e+84   3.1726e+02  6.8174e-317
  1.0440e+00  -4.2279e+66  -4.2279e+66  4.7477e-152   1.4916e+85   3.2437e+02  4.1457e-318
  1.0480e+00   7.6102e+66   7.6102e+66  1.2494e-152   3.1622e+85   3.3163e+02  2.5210e-319
  1.0520e+00  -1.3698e+67  -1.3698e+67  3.2879e-153   6.7040e+85   3.3906e+02  1.5331e-320
  1.0560e+00   2.4657e+67   2.4657e+67  8.6523e-154   1.4212e+86   3.4666e+02  9.3378e-322
  1.0600e+00  -4.4383e+67  -4.4383e+67  2.2769e-154   3.0130e+86   3.5442e+02  5.4347e-323
  1.0640e+00   7.9889e+67   7.9889e+67  5.9919e-155   6.3876e+86   3.6236e+02  4.9407e-324
  1.0680e+00  -1.4380e+68  -1.4380e+68  1.5768e-155   1.3542e+87   3.7048e+02   0.0000e+00
  1.0720e+00   2.5884e+68   2.5884e+68  4.1495e-156   2.8709e+87   3.7878e+02   0.0000e+00
  1.0760e+00  -4.6591e+68  -4.6591e+68  1.0920e-156   6.0862e+87   3.8726e+02   0.0000e+00
  1.0800e+00   8.3864e+68   8.3864e+68  2.8736e-157   1.2903e+88   3.9594e+02   0.0000e+00
  1.0840e+00  -1.5096e+69  -1.5096e+69  7.5622e-158   2.7354e+88   4.0481e+02   0.0000e+00
  1.0880e+00   2.7172e+69   2.7172e+69  1.9900e-158   5.7990e+88   4.1387e+02   0.0000e+00
  1.0920e+00  -4.8910e+69  -4.8910e+69  5.2369e-159   1.2294e+89   4.2315e+02   0.0000e+00
  1.0960e+00   8.8037e+69   8.8037e+69  1.3781e-159   2.6063e+89   4.3262e+02   0.0000e+00
  1.1000e+00  -1.5847e+70  -1.5847e+70  3.6267e-160   5.5254e+89   4.4231e+02   0.0000e+00
  1.1040e+00   2.8524e+70   2.8524e+70  9.5439e-161   1.1714e+90   4.5222e+02   0.0000e+00
  1.1080e+00  -5.1343e+70  -5.1343e+70  2.5116e-161   2.4833e+90   4.6235e+02   0.0000e+00
  1.1120e+00   9.2418e+70   9.2418e+70  6.6094e-162   5.2646e+90   4.7271e+02   0.0000e+00
  1.1160e+00  -1.6635e+71  -1.6635e+71  1.7393e-162   1.1161e+91   4.8330e+02   0.0000e+00
  1.1200e+00   2.9943e+71   2.9943e+71  4.5771e-163   2.3661e+91   4.9412e+02   0.0000e+00
  1.1240e+00  -5.3898e+71  -5.3898e+71  1.2045e-163   5.0162e+91   5.0519e+02   0.0000e+00
  1.1280e+00   9.7017e+71   9.7017e+71  3.1698e-164   1.0634e+92   5.1651e+02   0.0000e+00
  1.1320e+00  -1.7463e+72  -1.7463e+72  8.3415e-165   2.2545e+92   5.2808e+02   0.0000e+00
  1.1360e+00   3.1433e+72   3.1433e+72  2.1951e-165   4.7795e+92   5.3991e+02   0.0000e+00
  1.1400e+00  -5.6580e+72  -5.6580e+72  5.7766e-166   1.0133e+93   5.5200e+02   0.0000e+00
  1.1440e+00   1.0184e+73   1.0184e+73  1.5202e-166   2.1481e+93   5.6437e+02   0.0000e+00
  1.1480e+00  -1.8332e+73  -1.8332e+73  4.0004e-167   4.5540e+93   5.7701e+02   0.0000e+00
  1.1520e+00   3.2998e+73   3.2998e+73  1.0527e-167   9.6545e+93   5.8993e+02   0.0000e+00
  1.1560e+00  -5.9396e+73  -5.9396e+73  2.7704e-168   2.0467e+94   6.0315e+02   0.0000e+00
  1.1600e+00   1.0691e+74   1.0691e+74  7.2905e-169   4.3391e+94   6.1666e+02   0.0000e+00
  1.1640e+00  -1.9244e+74  -1.9244e+74  1.9186e-169   9.1989e+94   6.3047e+02   0.0000e+00
  1.1680e+00   3.4639e+74   3.4639e+74  5.0488e-170   1.9502e+95   6.4459e+02   0.0000e+00
  1.1720e+00  -6.2351e+74  -6.2351e+74  1.3286e-170   4.1344e+95   6.5903e+02   0.0000e+00
  1.1760e+00   1.1223e+75   1.1223e+75  3.4964e-171   8.7648e+95   6.7379e+02   0.0000e+00
  1.1800e+00  -2.0202e+75  -2.0202e+75  9.2011e-172   1.8581e+96   6.8889e+02   0.0000e+00
  1.1840e+00   3.6363e+75   3.6363e+75  2.4213e-172   3.9393e+96   7.0432e+02   0.0000e+00
  1.1880e+00  -6.5454e+75  -6.5454e+75  6.3719e-173   8.3512e+96   7.2009e+02   0.0000e+00
  1.1920e+00   1.1782e+76   1.1782e+76  1.6768e-173   1.7705e+97   7.3623e+02   0.0000e+00
  1.1960e+00  -2.1207e+76  -2.1207e+76  4.4127e-174   3.7534e+97   7.5272e+02   0.0000e+00
  1.2000e+00   3.8173e+76   3.8173e+76  1.1612e-174   7.9572e+97   7.6958e+02   0.0000e+00
  1.2040e+00  -6.8711e+76  -6.8711e+76  3.0559e-175   1.6869e+98   7.8682e+02   0.0000e+00
  1.2080e+00   1.2368e+77   1.2368e+77  8.0418e-176   3.5763e+98   8.0444e+02   0.0000e+00
  1.2120e+00  -2.2262e+77  -2.2262e+77  2.1163e-176   7.5817e+98   8.2246e+02   0.0000e+00
  1.2160e+00   4.0072e+77   4.0072e+77  5.5691e-177   1.6073e+99   8.4088e+02   0.0000e+00
  1.2200e+00  -7.2130e+77  -7.2130e+77  1.4656e-177   3.4075e+99   8.5972e+02   0.0000e+00
  1.2240e+00   1.2983e+78   1.2983e+78  3.8567e-178   7.2239e+99   8.7898e+02   0.0000e+00
  1.2280e+00  -2.3370e+78  -2.3370e+78  1.0149e-178  1.5315e+100   8.9867e+02   0.0000e+00
  1.2320e+00   4.2066e+78   4.2066e+78  2.6709e-179  3.2467e+100   9.1880e+02   0.0000e+00
  1.2360e+00  -7.5719e+78  -7.5719e+78  7.0286e-180  6.8831e+100   9.3938e+02   0.0000e+00
  1.2400e+00   1.3629e+79   1.3629e+79  1.8496e-180  1.4592e+101   9.6042e+02   0.0000e+00
  1.2440e+00  -2.4533e+79  -2.4533e+79  4.8674e-181  3.0935e+101   9.8193e+02   0.0000e+00
  1.2480e+00   4.4159e+79   4.4159e+79  1.2809e-181  6.5583e+101   1.0039e+03   0.0000e+00
  1.2520e+00  -7.9487e+79  -7.9487e+79  3.3708e-182  1.3904e+102   1.0264e+03   0.0000e+00
  1.2560e+00   1.4308e+80   1.4308e+80  8.8706e-183  2.9475e+102   1.0494e+03   0.0000e+00
  1.2600e+00  -2.5754e+80  -2.5754e+80  2.3344e-183  6.2488e+102   1.0729e+03   0.0000e+00
  1.2640e+00   4.6357e+80   4.6357e+80  6.1430e-184  1.3247e+103   1.0969e+03   0.0000e+00
  1.2680e+00  -8.3442e+80  -8.3442e+80  1.6166e-184  2.8085e+103   1.1215e+03   0.0000e+00
  1.2720e+00   1.5020e+81   1.5020e+81  4.2542e-185  5.9539e+103   1.1466e+03   0.0000e+00
  1.2760e+00  -2.7035e+81  -2.7035e+81  1.1195e-185  1.2622e+104   1.1723e+03   0.0000e+00
  1.2800e+00   4.8663e+81   4.8663e+81  2.9461e-186  2.6759e+104   1.1986e+03   0.0000e+00
  1.2840e+00  -8.7594e+81  -8.7594e+81  7.7529e-187  5.6730e+104   1.2254e+03   0.0000e+00
  1.2880e+00   1.5767e+82   1.5767e+82  2.0402e-187  1.2027e+105   1.2529e+03   0.0000e+00
  1.2920e+00  -2.8380e+82  -2.8380e+82  5.3691e-188  2.5497e+105   1.2809e+03   0.0000e+00
  1.2960e+00   5.1085e+82   5.1085e+82  1.4129e-188  5.4053e+105   1.3096e+03   0.0000e+00
  1.3000e+00  -9.1953e+82  -9.1953e+82  3.7182e-189  1.1459e+106   1.3390e+03   0.0000e+00
  1.3040e+00   1.6551e+83   1.6551e+83  9.7847e-190  2.4294e+106   1.3690e+03   0.0000e+00
  1.3080e+00  -2.9793e+83  -2.9793e+83  2.5749e-190  5.1502e+106   1.3996e+03   0.0000e+00
  1.3120e+00   5.3627e+83   5.3627e+83  6.7761e-191  1.0918e+107   1.4310e+03   0.0000e+00
  1.3160e+00  -9.6528e+83  -9.6528e+83  1.7832e-191  2.3147e+107   1.4630e+03   0.0000e+00
  1.3200e+00   1.7375e+84   1.7375e+84  4.6926e-192  4.9072e+107   1.4958e+03   0.0000e+00
  1.3240e+00  -3.1275e+84  -3.1275e+84  1.2349e-192  1.0403e+108   1.5293e+03   0.0000e+00
  1.3280e+00   5.6295e+84   5.6295e+84  3.2497e-193  2.2055e+108   1.5636e+03   0.0000e+00
  1.3320e+00  -1.0133e+85  -1.0133e+85  8.5519e-194  4.6756e+108   1.5986e+03   0.0000e+00
  1.3360e+00   1.8240e+85   1.8240e+85  2.2505e-194  9.9124e+108   1.6344e+03   0.0000e+00
  1.3400e+00  -3.2831e+85  -3.2831e+85  5.9224e-195  2.1014e+109   1.6710e+03   0.0000e+00
  1.3440e+00   5.9096e+85   5.9096e+85  1.5585e-195  4.4550e+109   1.7085e+03   0.0000e+00
  1.3480e+00  -1.0637e+86  -1.0637e+86  4.1014e-196  9.4446e+109   1.7467e+03   0.0000e+00
  1.3520e+00   1.9147e+86   1.9147e+86  1.0793e-196  2.0023e+110   1.7858e+03   0.0000e+00
  1.3560e+00  -3.4465e+86  -3.4465e+86  2.8403e-197  4.2448e+110   1.8258e+03   0.0000e+00
  1.3600e+00   6.2037e+86   6.2037e+86  7.4744e-198  8.9990e+110   1.8667e+03   0.0000e+00
  1.3640e+00  -1.1167e+87  -1.1167e+87  1.9670e-198  1.9078e+111   1.9086e+03   0.0000e+00
  1.3680e+00   2.0100e+87   2.0100e+87  5.1762e-199  4.0445e+111   1.9513e+03   0.0000e+00
  1.3720e+00  -3.6180e+87  -3.6180e+87  1.3622e-199  8.5743e+111   1.9950e+03   0.0000e+00
  1.3760e+00   6.5124e+87   6.5124e+87  3.5846e-200  1.8178e+112   2.0397e+03   0.0000e+00
  1.3800e+00  -1.1722e+88  -1.1722e+88  9.4332e-201  3.8536e+112   2.0854e+03   0.0000e+00
  1.3840e+00   2.1100e+88   2.1100e+88  2.4824e-201  8.1697e+112   2.1321e+03   0.0000e+00
  1.3880e+00  -3.7980e+88  -3.7980e+88  6.5327e-202  1.7320e+113   2.1799e+03   0.0000e+00
  1.3920e+00   6.8365e+88   6.8365e+88  1.7191e-202  3.6718e+113   2.2287e+03   0.0000e+00
  1.3960e+00  -1.2306e+89  -1.2306e+89  4.5240e-203  7.7842e+113   2.2786e+03   0.0000e+00
  1.4000e+00   2.2150e+89   2.2150e+89  1.1905e-203  1.6503e+114   2.3297e+03   0.0000e+00
  1.4040e+00  -3.9870e+89  -3.9870e+89  3.1330e-204  3.4985e+114   2.3819e+03   0.0000e+00
  1.4080e+00   7.1767e+89   7.1767e+89  8.2447e-205  7.4169e+114   2.4352e+03   0.0000e+00
  1.4120e+00  -1.2918e+90  -1.2918e+90  2.1697e-205  1.5724e+115   2.4898e+03   0.0000e+00
  1.4160e+00   2.3252e+90   2.3252e+90  5.7096e-206  3.3335e+115   2.5455e+03   0.0000e+00
  1.4200e+00  -4.1854e+90  -4.1854e+90  1.5025e-206  7.0669e+115   2.6025e+03   0.0000e+00
  1.4240e+00   7.5338e+90   7.5338e+90  3.9540e-207  1.4982e+116   2.6608e+03   0.0000e+00
  1.4280e+00  -1.3561e+91  -1.3561e+91  1.0405e-207  3.1762e+116   2.7204e+03   0.0000e+00
  1.4320e+00   2.4409e+91   2.4409e+91  2.7382e-208  6.7335e+116   2.7814e+03   0.0000e+00
  1.4360e+00  -4.3937e+91  -4.3937e+91  7.2059e-209  1.4275e+117   2.8437e+03   0.0000e+00
  1.4400e+00   7.9086e+91   7.9086e+91  1.8963e-209  3.0263e+117   2.9074e+03   0.0000e+00
  1.4440e+00  -1.4236e+92  -1.4236e+92  4.9902e-210  6.4157e+117   2.9725e+03   0.0000e+00
  1.4480e+00   2.5624e+92   2.5624e+92  1.3132e-210  1.3601e+118   3.0391e+03   0.0000e+00
  1.4520e+00  -4.6123e+92  -4.6123e+92  3.4558e-211  2.8835e+118   3.1072e+03   0.0000e+00
  1.4560e+00   8.3022e+92   8.3022e+92  9.0943e-212  6.1130e+118   3.1768e+03   0.0000e+00
  1.4600e+00  -1.4944e+93  -1.4944e+93  2.3932e-212  1.2960e+119   3.2479e+03   0.0000e+00
  1.4640e+00   2.6899e+93   2.6899e+93  6.2980e-213  2.7474e+119   3.3207e+03   0.0000e+00
  1.4680e+00  -4.8418e+93  -4.8418e+93  1.6574e-213  5.8245e+119   3.3951e+03   0.0000e+00
  1.4720e+00   8.7153e+93   8.7153e+93  4.3615e-214  1.2348e+120   3.4711e+03   0.0000e+00
  1.4760e+00  -1.5688e+94  -1.5688e+94  1.1478e-214  2.6178e+120   3.5489e+03   0.0000e+00
  1.4800e+00   2.8238e+94   2.8238e+94  3.0204e-215  5.5497e+120   3.6284e+03   0.0000e+00
  1.4840e+00  -5.0828e+94  -5.0828e+94  7.9485e-216  1.1765e+121   3.7096e+03   0.0000e+00
  1.4880e+00   9.1490e+94   9.1490e+94  2.0917e-216  2.4943e+121   3.7927e+03   0.0000e+00
  1.4920e+00  -1.6468e+95  -1.6468e+95  5.5045e-217  5.2878e+121   3.8777e+03   0.0000e+00
  1.4960e+00   2.9643e+95   2.9643e+95  1.4486e-217  1.1210e+122   3.9646e+03   0.0000e+00
  1.5000e+00  -5.3357e+95  -5.3357e+95  3.8120e-218  2.3766e+122   4.0534e+03   0.0000e+00
  1.5040e+00   9.6042e+95   9.6042e+95  1.0032e-218  5.0383e+122   4.1442e+03   0.0000e+00
  1.5080e+00  -1.7288e+96  -1.7288e+96  2.6399e-219  1.0681e+123   4.2370e+03   0.0000e+00
  1.5120e+00   3.1118e+96   3.1118e+96  6.9471e-220  2.2644e+123   4.3319e+03   0.0000e+00
  1.5160e+00  -5.6012e+96  -5.6012e+96  1.8282e-220  4.8006e+123   4.4289e+03   0.0000e+00
  1.5200e+00   1.0082e+97   1.0082e+97  4.8110e-221  1.0177e+124   4.5281e+03   0.0000e+00
  1.5240e+00  -1.8148e+97  -1.8148e+97  1.2660e-221  2.1576e+124   4.6296e+03   0.0000e+00
  1.5280e+00   3.2666e+97   3.2666e+97  3.3317e-222  4.5740e+124   4.7333e+03   0.0000e+00
  1.5320e+00  -5.8799e+97  -5.8799e+97  8.7676e-223  9.6969e+124   4.8393e+03   0.0000e+00
  1.5360e+00   1.0584e+98   1.0584e+98  2.3073e-223  2.0558e+125   4.9477e+03   0.0000e+00
  1.5400e+00  -1.9051e+98  -1.9051e+98  6.0718e-224  4.3582e+125   5.0585e+03   0.0000e+00
  1.5440e+00   3.4292e+98   3.4292e+98  1.5978e-224  9.2394e+125   5.1718e+03   0.0000e+00
  1.5480e+00  -6.1725e+98  -6.1725e+98  4.2048e-225  1.9587e+126   5.2877e+03   0.0000e+00
  1.5520e+00   1.1110e+99   1.1110e+99  1.1065e-225  4.1525e+126   5.4061e+03   0.0000e+00
  1.5560e+00  -1.9999e+99  -1.9999e+99  2.9119e-226  8.8034e+126   5.5272e+03   0.0000e+00
  1.5600e+00   3.5998e+99   3.5998e+99  7.6630e-227  1.8663e+127   5.6510e+03   0.0000e+00
  1.5640e+00  -6.4796e+99  -6.4796e+99  2.0166e-227  3.9566e+127   5.7776e+03   0.0000e+00
  1.5680e+00  1.1663e+100  1.1663e+100  5.3068e-228  8.3880e+127   5.9070e+03   0.0000e+00
  1.5720e+00 -2.0994e+100 -2.0994e+100  1.3965e-228  1.7783e+128   6.0394e+03   0.0000e+00
  1.5760e+00  3.7789e+100  3.7789e+100  3.6750e-229  3.7699e+128   6.1746e+03   0.0000e+00
  1.5800e+00 -6.8020e+100 -6.8020e+100  9.6712e-230  7.9922e+128   6.3129e+03   0.0000e+00
  1.5840e+00  1.2244e+101  1.2244e+101  2.5450e-230  1.6943e+129   6.4544e+03   0.0000e+00
  1.5880e+00 -2.2039e+101 -2.2039e+101  6.6975e-231  3.5920e+129   6.5989e+03   0.0000e+00
  1.5920e+00  3.9670e+101  3.9670e+101  1.7625e-231  7.6150e+129   6.7468e+03   0.0000e+00
  1.5960e+00 -7.1405e+101 -7.1405e+101  4.6382e-232  1.6144e+130   6.8979e+03   0.0000e+00
  1.6000e+00  1.2853e+102  1.2853e+102  1.2206e-232  3.4225e+130   7.0524e+03   0.0000e+00
  1.6040e+00 -2.3135e+102 -2.3135e+102  3.2120e-233  7.2557e+130   7.2104e+03   0.0000e+00
  1.6080e+00  4.1643e+102  4.1643e+102  8.4527e-234  1.5382e+131   7.3719e+03   0.0000e+00
  1.6120e+00 -7.4958e+102 -7.4958e+102  2.2244e-234  3.2610e+131   7.5370e+03   0.0000e+00
  1.6160e+00  1.3492e+103  1.3492e+103  5.8537e-235  6.9133e+131   7.7058e+03   0.0000e+00
  1.6200e+00 -2.4286e+103 -2.4286e+103  1.5404e-235  1.4656e+132   7.8784e+03   0.0000e+00
  1.6240e+00  4.3716e+103  4.3716e+103  4.0538e-236  3.1071e+132   8.0549e+03   0.0000e+00
  1.6280e+00 -7.8688e+103 -7.8688e+103  1.0668e-236  6.5871e+132   8.2354e+03   0.0000e+00
  1.6320e+00  1.4164e+104  1.4164e+104  2.8073e-237  1.3965e+133   8.4198e+03   0.0000e+00
  1.6360e+00 -2.5495e+104 -2.5495e+104  7.3877e-238  2.9605e+133   8.6084e+03   0.0000e+00
  1.6400e+00  4.5891e+104  4.5891e+104  1.9441e-238  6.2763e+133   8.8013e+03   0.0000e+00
  1.6440e+00 -8.2604e+104 -8.2604e+104  5.1161e-239  1.3306e+134   8.9984e+03   0.0000e+00
  1.6480e+00  1.4869e+105  1.4869e+105  1.3464e-239  2.8208e+134   9.2000e+03   0.0000e+00
  1.6520e+00 -2.6764e+105 -2.6764e+105  3.5430e-240  5.9801e+134   9.4060e+03   0.0000e+00
  1.6560e+00  4.8174e+105  4.8174e+105  9.3238e-241  1.2678e+135   9.6167e+03   0.0000e+00
  1.6600e+00 -8.6714e+105 -8.6714e+105  2.4536e-241  2.6877e+135   9.8322e+03   0.0000e+00
  1.6640e+00  1.5609e+106  1.5609e+106  6.4569e-242  5.6979e+135   1.0052e+04   0.0000e+00
  1.6680e+00 -2.8095e+106 -2.8095e+106  1.6992e-242  1.2080e+136   1.0278e+04   0.0000e+00
  1.6720e+00  5.0572e+106  5.0572e+106  4.4715e-243  2.5609e+136   1.0508e+04   0.0000e+00
  1.6760e+00 -9.1029e+106 -9.1029e+106  1.1767e-243  5.4291e+136   1.0743e+04   0.0000e+00
  1.6800e+00  1.6385e+107  1.6385e+107  3.0966e-244  1.1510e+137   1.0984e+04   0.0000e+00
  1.6840e+00 -2.9493e+107 -2.9493e+107  8.1490e-245  2.4400e+137   1.1230e+04   0.0000e+00
  1.6880e+00  5.3088e+107  5.3088e+107  2.1445e-245  5.1729e+137   1.1481e+04   0.0000e+00
  1.6920e+00 -9.5559e+107 -9.5559e+107  5.6434e-246  1.0967e+138   1.1739e+04   0.0000e+00
  1.6960e+00  1.7201e+108  1.7201e+108  1.4851e-246  2.3249e+138   1.2002e+04   0.0000e+00
  1.7000e+00 -3.0961e+108 -3.0961e+108  3.9082e-247  4.9288e+138   1.2270e+04   0.0000e+00
  1.7040e+00  5.5730e+108  5.5730e+108  1.0285e-247  1.0449e+139   1.2545e+04   0.0000e+00
  1.7080e+00 -1.0031e+109 -1.0031e+109  2.7065e-248  2.2152e+139   1.2826e+04   0.0000e+00
  1.7120e+00  1.8056e+109  1.8056e+109  7.1223e-249  4.6962e+139   1.3114e+04   0.0000e+00
  1.7160e+00 -3.2502e+109 -3.2502e+109  1.8743e-249  9.9560e+139   1.3407e+04   0.0000e+00
  1.7200e+00  5.8503e+109  5.8503e+109  4.9323e-250  2.1107e+140   1.3708e+04   0.0000e+00
  1.7240e+00 -1.0531e+110 -1.0531e+110  1.2980e-250  4.4746e+140   1.4015e+04   0.0000e+00
  1.7280e+00  1.8955e+110  1.8955e+110  3.4158e-251  9.4862e+140   1.4329e+04   0.0000e+00
  1.7320e+00 -3.4119e+110 -3.4119e+110  8.9888e-252  2.0111e+141   1.4650e+04   0.0000e+00
  1.7360e+00  6.1414e+110  6.1414e+110  2.3655e-252  4.2635e+141   1.4978e+04   0.0000e+00
  1.7400e+00 -1.1055e+111 -1.1055e+111  6.2249e-253  9.0386e+141   1.5313e+04   0.0000e+00
  1.7440e+00  1.9898e+111  1.9898e+111  1.6381e-253  1.9162e+142   1.5656e+04   0.0000e+00
  1.7480e+00 -3.5817e+111 -3.5817e+111  4.3109e-254  4.0623e+142   1.6007e+04   0.0000e+00
  1.7520e+00  6.4470e+111  6.4470e+111  1.1344e-254  8.6121e+142   1.6365e+04   0.0000e+00
  1.7560e+00 -1.1605e+112 -1.1605e+112  2.9854e-255  1.8258e+143   1.6732e+04   0.0000e+00
  1.7600e+00  2.0888e+112  2.0888e+112  7.8563e-256  3.8706e+143   1.7107e+04   0.0000e+00
  1.7640e+00 -3.7599e+112 -3.7599e+112  2.0674e-256  8.2057e+143   1.7490e+04   0.0000e+00
  1.7680e+00  6.7678e+112  6.7678e+112  5.4406e-257  1.7396e+144   1.7882e+04   0.0000e+00
  1.7720e+00 -1.2182e+113 -1.2182e+113  1.4317e-257  3.6880e+144   1.8282e+04   0.0000e+00
  1.7760e+00  2.1928e+113  2.1928e+113  3.7678e-258  7.8185e+144   1.8692e+04   0.0000e+00
  1.7800e+00 -3.9470e+113 -3.9470e+113  9.9152e-259  1.6575e+145   1.9111e+04   0.0000e+00
  1.7840e+00  7.1046e+113  7.1046e+113  2.6093e-259  3.5139e+145   1.9539e+04   0.0000e+00
  1.7880e+00 -1.2788e+114 -1.2788e+114  6.8665e-260  7.4495e+145   1.9976e+04   0.0000e+00
  1.7920e+00  2.3019e+114  2.3019e+114  1.8070e-260  1.5793e+146   2.0424e+04   0.0000e+00
  1.7960e+00 -4.1434e+114 -4.1434e+114  4.7552e-261  3.3481e+146   2.0881e+04   0.0000e+00
  1.8000e+00  7.4581e+114  7.4581e+114  1.2514e-261  7.0980e+146   2.1349e+04   0.0000e+00
  1.8040e+00 -1.3425e+115 -1.3425e+115  3.2930e-262  1.5048e+147   2.1827e+04   0.0000e+00
  1.8080e+00  2.4164e+115  2.4164e+115  8.6659e-263  3.1901e+147   2.2316e+04   0.0000e+00
  1.8120e+00 -4.3496e+115 -4.3496e+115  2.2805e-263  6.7631e+147   2.2816e+04   0.0000e+00
  1.8160e+00  7.8292e+115  7.8292e+115  6.0013e-264  1.4338e+148   2.3327e+04   0.0000e+00
  1.8200e+00 -1.4093e+116 -1.4093e+116  1.5793e-264  3.0396e+148   2.3850e+04   0.0000e+00
  1.8240e+00  2.5367e+116  2.5367e+116  4.1560e-265  6.4440e+148   2.4384e+04   0.0000e+00
  1.8280e+00 -4.5660e+116 -4.5660e+116  1.0937e-265  1.3661e+149   2.4930e+04   0.0000e+00
  1.8320e+00  8.2188e+116  8.2188e+116  2.8781e-266  2.8962e+149   2.5489e+04   0.0000e+00
  1.8360e+00 -1.4794e+117 -1.4794e+117  7.5741e-267  6.1399e+149   2.6059e+04   0.0000e+00
  1.8400e+00  2.6629e+117  2.6629e+117  1.9932e-267  1.3017e+150   2.6643e+04   0.0000e+00
  1.8440e+00 -4.7932e+117 -4.7932e+117  5.2452e-268  2.7595e+150   2.7240e+04   0.0000e+00
  1.8480e+00  8.6277e+117  8.6277e+117  1.3803e-268  5.8502e+150   2.7850e+04   0.0000e+00
  1.8520e+00 -1.5530e+118 -1.5530e+118  3.6324e-269  1.2402e+151   2.8474e+04   0.0000e+00
  1.8560e+00  2.7954e+118  2.7954e+118  9.5590e-270  2.6293e+151   2.9112e+04   0.0000e+00
  1.8600e+00 -5.0317e+118 -5.0317e+118  2.5155e-270  5.5741e+151   2.9764e+04   0.0000e+00
  1.8640e+00  9.0571e+118  9.0571e+118  6.6198e-271  1.1817e+152   3.0431e+04   0.0000e+00
  1.8680e+00 -1.6303e+119 -1.6303e+119  1.7420e-271  2.5052e+152   3.1112e+04   0.0000e+00
  1.8720e+00  2.9345e+119  2.9345e+119  4.5843e-272  5.3111e+152   3.1809e+04   0.0000e+00
  1.8760e+00 -5.2821e+119 -5.2821e+119  1.2064e-272  1.1259e+153   3.2522e+04   0.0000e+00
  1.8800e+00  9.5077e+119  9.5077e+119  3.1748e-273  2.3870e+153   3.3250e+04   0.0000e+00
  1.8840e+00 -1.7114e+120 -1.7114e+120  8.3546e-274  5.0605e+153   3.3995e+04   0.0000e+00
  1.8880e+00  3.0805e+120  3.0805e+120  2.1986e-274  1.0728e+154   3.4757e+04   0.0000e+00
  1.8920e+00 -5.5449e+120 -5.5449e+120  5.7857e-275  2.2744e+154   3.5535e+04   0.0000e+00
  1.8960e+00  9.9808e+120  9.9808e+120  1.5226e-275  4.8217e+154   3.6331e+04   0.0000e+00
  1.9000e+00 -1.7966e+121 -1.7966e+121  4.0067e-276  1.0222e+155   3.7145e+04   0.0000e+00
  1.9040e+00  3.2338e+121  3.2338e+121  1.0544e-276  2.1671e+155   3.7977e+04   0.0000e+00
  1.9080e+00 -5.8208e+121 -5.8208e+121  2.7748e-277  4.5942e+155   3.8828e+04   0.0000e+00
  1.9120e+00  1.0477e+122  1.0477e+122  7.3020e-278  9.7396e+155   3.9697e+04   0.0000e+00
  1.9160e+00 -1.8859e+122 -1.8859e+122  1.9216e-278  2.0648e+156   4.0587e+04   0.0000e+00
  1.9200e+00  3.3947e+122  3.3947e+122  5.0568e-279  4.3774e+156   4.1496e+04   0.0000e+00
  1.9240e+00 -6.1105e+122 -6.1105e+122  1.3307e-279  9.2800e+156   4.2425e+04   0.0000e+00
  1.9280e+00  1.0999e+123  1.0999e+123  3.5019e-280  1.9674e+157   4.3376e+04   0.0000e+00
  1.9320e+00 -1.9798e+123 -1.9798e+123  9.2156e-281  4.1708e+157   4.4347e+04   0.0000e+00
  1.9360e+00  3.5636e+123  3.5636e+123  2.4252e-281  8.8421e+157   4.5341e+04   0.0000e+00
  1.9400e+00 -6.4145e+123 -6.4145e+123  6.3820e-282  1.8745e+158   4.6356e+04   0.0000e+00
  1.9440e+00  1.1546e+124  1.1546e+124  1.6795e-282  3.9740e+158   4.7395e+04   0.0000e+00
  1.9480e+00 -2.0783e+124 -2.0783e+124  4.4197e-283  8.4249e+158   4.8456e+04   0.0000e+00
  1.9520e+00  3.7410e+124  3.7410e+124  1.1631e-283  1.7861e+159   4.9542e+04   0.0000e+00
  1.9560e+00 -6.7337e+124 -6.7337e+124  3.0607e-284  3.7865e+159   5.0651e+04   0.0000e+00
  1.9600e+00  1.2121e+125  1.2121e+125  8.0545e-285  8.0273e+159   5.1786e+04   0.0000e+00
  1.9640e+00 -2.1817e+125 -2.1817e+125  2.1196e-285  1.7018e+160   5.2946e+04   0.0000e+00
  1.9680e+00  3.9271e+125  3.9271e+125  5.5779e-286  3.6078e+160   5.4132e+04   0.0000e+00
  1.9720e+00 -7.0688e+125 -7.0688e+125  1.4679e-286  7.6486e+160   5.5345e+04   0.0000e+00
  1.9760e+00  1.2724e+126  1.2724e+126  3.8628e-287  1.6215e+161   5.6584e+04   0.0000e+00
  1.9800e+00 -2.2903e+126 -2.2903e+126  1.0165e-287  3.4376e+161   5.7852e+04   0.0000e+00
  1.9840e+00  4.1225e+126  4.1225e+126  2.6751e-288  7.2876e+161   5.9148e+04   0.0000e+00
  1.9880e+00 -7.4205e+126 -7.4205e+126  7.0397e-289  1.5450e+162   6.0472e+04   0.0000e+00
  1.9920e+00  1.3357e+127  1.3357e+127  1.8525e-289  3.2754e+162   6.1827e+04   0.0000e+00
  1.9960e+00 -2.4043e+127 -2.4043e+127  4.8751e-290  6.9438e+162   6.3212e+04   0.0000e+00
  2.0000e+00  4.3277e+127  4.3277e+127  1.2829e-290  1.4721e+163   6.4628e+04   0.0000e+00
